00000000000000000000000
01111111010001011111110
01000001010100010000010
01011101010010010111010
01011101000100010111010
01011101011011010111010
01000001000111010000010
01111111010101011111110
00000000001011000000000
01001111111110100101110
00011110010111110010000
01111001011001110011110
01101110101011101001110
01010101100001101100100
00000000011000001011100
01111111011111000111000
01000001010010111011000
01011101010100001110100
01011101010110001111000
01011101000001010100110
01000001001110010111110
01111111011100111010000
00000000000000000000000

klucz[Semakod]


